372097900313119814779617420822996467111270896466

259121542133119889083361876574733428358602124388

630467170218645843115149175098718168543292646763

578847329699825295490211922707450649734751920229

571621538217841639676220301551460098288616765804

595611106155288140842801389565677645945190315105

565906694204741006712645485535996720263297835109

624452787603815747917302833458203726103756238191

572351428240652023331369396858154728130672096101

573449849505882459052955862108934723386379280489

567541106188060287306304618002713812433908285728

590442990791862282282705646846738460304440588652

577331296212142376804595013598283918380647412335

658707488325473272102529716083550527376451007857

185395542569866228523460607965687225091323421728

630250892877959679415920765071244636728953171561

556030763162021486867844673599869856661960335476

596324729229203213190373360142278425435878814052

630333389906152590929564105978823956900736016485

560198593634003429150859194145482747033305245044

624541468564843300234492380346698675662588485753

567671316574307162355145922156616473231032415329

185260780792634244744611110792983090724219024235

315270616988870089550870839569533518217222514020

550212381112810510382563701728483018795165834030

550212381112810510382563701728483019164586369034

642115321033008398755093921089890792203272351305

642115321136582936545794856978807927295899299700

554494388606289035316528978006828706873784363380

578937461413523319190773899577334632246027510894

601773685747328312535820999619406985287029842976

640301823340961596208902657353063026757323483235

653087380907762865985703407266760455602864286066

596308809534902910984404601757359296977103381280

579181136833611773400525362927133479652948996965

579048034811102039429511122858790610383261343844

596331113935405703556710789008302711570972372512

264876179740446319741789420148683258673020952864

554495785456100487959330539860044867753623442464

659107348927970429962830950638622498064571590002

579204752198476366798746434205227281827282380641

578937461397541505047566476941087018362861658212

630160792235022740313528911625265740332949401632

185394642861891382777040225416254442907536092960

596324753493087591042691446719703226999905283955

550204888372872588814137282886810397781299044453

550212381112810510382563701728483019164586369034

184144511370220942962129585243868130349553117268

602039574655343723763462092770755933636530038130

556049603229826724101861529362597114706169454947

185283255172238056682161074525559746296498058339

628711444208795565369227788010563807384497579631

601996024957727925186402478799303197197460467061

630339917193297643377691667199159885055123285870

185261448190046026098588426302694007858028224615

636250028065971222935220180019056090680770129515

185261448197988759514364443608097967045001702498

184949179125040303576181669529263783727805264737

658878341709329863567740311167349241970658861414

293191941869387185320771309867092255783141663008

601861088384044648697711295216559597906778398813

578891576275687711533683922943577716728176928883

617293088012225875216247608678124670108282418273

668675597718438504198523119180405222359813288545

550212381112810510382563701728482924330869876083

