128
108
126
111
200
215
113
163
92
172
56
137
154
5
80
248
247
158
59
208
60
210
81
14
233
208
47
111
189
175
1
61
212
212
71
94
27
15
140
235
209
171
20
212
229
159
215
125
88
52
73
232
255
18
9
143
158
44
109
162
157
61
37
83
114
243
179
170
95
100
211
88
84
149
173
1
28
197
215
71
254
60
132
49
203
195
49
20
138
171
10
104
207
161
58
36
23
8
129
227
94
5
224
54
113
133
161
28
36
205
144
23
28
45
237
57
167
72
12
64
228
57
11
11
204
237
121
218
189
36
179
79
59
92
69
208
99
139
4
-
0
64
186
243
46
172
69
12
237
115
247
134
218
178
141
198
9
189
1
75
14
117
229
48
243
128
63
136
206
124
17
137
222
146
232
60
174
229
150
105
110
121
186
199
66
27
21
123
18
200
230
14
204
97
250
168
113
225
71
10
166
145
143
11
93
46
76
149
177
80
122
140
76
212
240
86
164
201
8
5
104
22
199
115
203
93
154
137
194
78
151
254
224
45
62
102
106
231
244
244
171
219
201
134
177
57
229
168
4
88
64
191
247
9
25
111
207
113
91
227
55
131
52
150
233
222
6
26
168
158
137
120
163
143
140
43
101
92
-
99
124
124
170
124
19
80
177
219
206
6
207
194
146
142
53
122
104
209
74
118
183
166
252
68
112
82
31
251
127
170
195
92
138
182
47
237
8
173
49
101
139
89
213
130
199
17
42
213
128
3
201
182
112
80
7
238
60
224
121
157
209
138
201
167
133
107
154
145
161
19
76
39
97
27
161
202
26
204
90
159
152
54
129
111
161
89
236
219
201
201
159
134
126
70
16
58
125
183
209
217
95
98
96
127
40
42
49
123
57
103
189
181
86
25
25
166
84
84
50
125
58
81
9
112
174
74
221
38
104
132
118
59
137
145
142
97
48
182
-
205
76
127
82
44
157
209
134
206
69
31
42
61
236
48
174
233
208
147
195
18
16
210
66
156
212
175
130
108
27
34
116
105
151
190
141
44
72
18
118
114
67
196
204
227
213
105
133
125
124
152
239
197
153
61
241
200
42
32
233
199
171
117
219
127
237
59
216
113
90
18
213
153
34
87
199
166
35
58
3
209
4
93
82
88
0
17
82
33
114
81
242
209
14
85
42
93
107
10
48
186
127
68
137
37
229
206
130
242
46
223
135
201
186
176
229
238
224
224
142
110
152
108
108
230
225
161
209
125
153
73
194
100
153
253
156
38
49
100
-
0
192
28
121
47
186
237
183
86
186
215
105
233
234
111
225
90
42
185
10
151
163
162
121
61
214
82
59
126
85
105
75
121
254
220
15
153
58
59
219
113
56
249
41
197
110
138
247
33
67
1
50
109
73
23
56
149
182
39
219
191
102
174
177
160
137
102
58
217
198
219
43
4
151
36
216
94
101
76
238
8
34
195
19
246
59
155
248
149
78
22
56
76
142
41
183
134
49
80
84
28
96
35
207
217
207
89
188
107
246
245
97
192
239
52
242
94
249
219
222
141
54
28
235
75
1
36
67
140
217
175
251
235
142
163
70
25
194
91
-
161
162
56
13
42
45
173
100
47
35
174
2
162
129
64
61
11
129
33
219
6
22
189
169
69
203
151
199
230
173
255
41
96
216
65
140
189
127
235
168
181
126
254
118
35
49
210
134
112
208
63
49
177
197
34
154
225
158
93
33
224
44
154
49
246
67
182
110
120
170
152
158
12
210
191
160
57
25
187
11
85
181
173
114
250
251
158
190
207
206
118
191
236
63
181
148
47
20
183
6
92
107
0
177
42
43
207
224
120
216
187
61
35
97
77
124
86
182
21
202
183
5
60
254
183
208
253
11
242
95
2
174
177
204
214
218
16
91
122
-
205
76
133
30
251
192
156
52
39
249
253
175
223
44
148
143
76
181
74
102
252
226
141
223
190
211
97
51
177
88
158
135
176
82
53
130
199
44
136
7
230
195
11
164
13
138
54
168
93
95
55
189
228
155
63
32
208
104
8
63
163
252
3
178
188
184
120
212
127
149
87
53
237
6
46
138
38
45
96
1
238
21
148
129
131
234
197
9
170
118
180
87
147
15
51
149
216
23
70
96
188
13
233
213
90
116
196
125
80
173
23
195
195
169
120
179
55
245
98
142
177
192
232
98
30
198
10
73
220
110
172
22
17
140
228
174
173
134
85
-
15
105
34
219
188
102
1
178
4
182
150
74
56
57
117
3
5
204
6
168
56
103
5
47
49
154
23
37
33
42
109
207
222
240
27
242
129
156
122
243
193
120
162
67
134
9
209
78
131
114
100
247
92
81
142
203
96
32
110
207
133
179
209
202
25
236
91
183
140
79
63
183
22
167
108
245
185
185
162
16
215
137
242
34
19
226
229
245
54
63
13
97
175
28
142
162
237
232
141
180
60
218
56
170
7
36
29
64
209
73
87
63
93
120
247
204
253
238
192
101
238
96
84
205
65
212
101
15
207
251
69
236
86
131
40
147
155
93
170
-
205
249
228
219
200
226
240
117
67
41
112
132
240
5
195
8
237
237
96
195
88
4
50
105
22
106
233
33
119
124
255
17
230
5
185
217
104
237
219
144
151
230
192
224
213
81
133
61
161
192
234
33
159
241
187
139
156
220
79
6
185
57
238
189
125
30
229
203
22
115
95
179
62
222
231
2
197
100
83
187
26
206
28
147
33
164
72
198
231
238
224
254
89
168
241
22
235
101
252
132
198
184
13
126
82
130
211
101
36
112
165
185
14
82
43
29
9
90
43
170
163
232
91
49
164
185
195
175
21
191
121
172
56
140
212
196
220
148
92
-
25
200
245
184
147
220
176
133
176
100
185
161
126
67
217
201
74
249
77
106
127
80
12
47
226
131
105
79
254
174
239
51
189
178
208
98
118
169
244
56
43
244
215
58
174
105
28
165
59
130
211
130
114
165
6
189
134
47
70
201
24
39
179
91
35
209
92
41
159
48
154
32
153
209
165
23
111
31
67
230
208
91
149
120
132
151
187
134
98
112
248
117
250
181
196
40
26
15
144
89
60
80
255
124
19
211
69
243
215
66
0
114
84
141
3
230
111
49
170
228
67
167
40
155
157
145
237
166
44
75
8
5
224
201
170
18
25
213
93
-
0
0
0
0
200
75
224
132
102
140
99
214
243
38
2
102
211
184
96
141
65
138
127
202
113
246
171
16
120
48
17
241
96
52
28
164
188
64
187
30
87
97
50
204
53
138
30
137
39
14
207
39
31
18
11
16
124
72
43
43
245
132
156
214
1
105
143
45
63
112
49
223
159
137
148
173
222
140
191
18
227
14
4
249
175
73
147
15
88
250
168
10
248
111
252
78
204
86
226
248
36
79
30
24
217
5
72
149
177
250
14
207
17
91
146
125
213
249
91
255
58
241
30
51
48
46
94
140
49
242
19
84
46
118
148
198
44
69
87
-
0
192
28
121
63
19
181
99
174
63
225
128
166
183
35
228
142
163
192
85
16
136
186
21
25
149
174
37
20
78
88
48
45
47
77
187
181
115
207
203
85
114
211
42
77
206
181
125
179
76
69
182
242
83
24
191
93
93
38
78
151
189
11
53
1
67
199
51
64
237
48
60
207
19
167
40
138
208
39
228
246
247
138
167
19
170
143
149
51
218
255
206
192
1
145
240
224
151
211
6
15
125
246
174
154
160
50
199
244
99
142
247
199
220
25
185
50
160
120
180
190
100
224
131
12
235
60
136
169
59
136
169
187
28
25
133
89
29
115
-
15
172
120
145
209
0
67
148
155
209
64
66
72
0
122
175
145
228
55
250
85
199
20
186
217
204
147
182
246
28
7
154
134
181
31
159
37
15
39
221
216
24
132
169
228
118
62
106
160
246
56
125
251
135
115
238
22
218
97
116
39
179
77
92
77
235
158
12
191
56
219
36
199
23
76
108
22
24
78
69
128
220
195
246
195
85
54
206
173
140
105
99
185
181
206
192
96
66
230
95
248
218
41
94
129
45
91
27
135
244
209
248
228
51
96
27
87
73
252
117
123
188
149
55
227
115
51
146
200
122
12
186
35
235
125
243
151
94
98
-
17
107
23
248
195
19
16
178
96
94
155
18
102
213
192
142
125
91
96
28
59
171
192
233
174
159
113
148
121
193
167
116
106
48
82
210
25
241
249
29
202
207
219
74
246
54
59
175
232
109
237
118
61
90
113
18
82
34
64
244
49
218
102
179
207
217
160
181
108
203
24
247
80
182
231
81
183
142
0
158
110
251
54
223
49
112
140
87
197
236
53
33
44
65
107
35
71
249
184
6
193
233
39
171
175
7
32
177
251
33
88
13
210
117
82
159
254
107
42
114
230
176
99
74
59
229
133
86
111
165
89
6
183
62
126
47
6
151
247
-
0
0
0
0
8
15
22
241
155
128
35
54
215
209
243
56
230
101
244
133
254
71
63
171
82
22
105
69
233
87
158
28
128
11
41
235
148
149
207
225
134
91
173
212
3
64
42
226
93
165
138
200
31
17
77
133
35
80
95
80
193
36
193
159
75
231
4
119
124
111
191
144
95
225
220
46
132
143
253
174
5
146
59
7
234
84
199
6
8
124
29
94
59
239
21
46
55
45
125
57
192
101
124
175
162
94
61
200
79
91
88
37
53
15
104
240
98
168
13
65
33
124
76
50
202
231
133
131
139
123
25
228
170
102
85
45
222
8
-
25
74
37
107
180
99
68
92
79
28
157
246
234
106
39
164
135
163
184
165
161
205
243
234
208
223
105
97
243
210
72
77
178
253
86
238
232
93
252
23
253
205
62
237
30
163
158
203
208
190
114
123
186
10
143
101
93
146
226
118
11
115
104
176
88
141
34
126
147
215
123
17
177
37
99
219
157
13
58
198
163
134
53
221
174
144
41
114
58
93
214
159
153
205
155
89
201
148
60
68
64
122
25
161
191
3
73
228
198
101
27
16
232
211
219
140
232
111
148
254
184
48
65
190
201
108
247
44
148
158
23
172
157
109
236
169
127
192
181
-
0
64
85
60
40
141
98
121
127
235
165
11
27
160
62
155
204
235
251
193
100
168
18
108
218
191
167
28
143
245
150
202
170
102
251
1
151
148
160
182
37
46
16
202
105
68
46
106
70
213
33
208
172
7
200
82
64
191
216
78
11
236
228
86
74
54
33
126
139
45
234
118
163
115
17
212
25
224
105
99
164
14
135
35
15
44
123
190
165
220
66
195
51
243
180
128
121
250
188
14
41
133
39
197
121
152
175
209
140
93
53
2
205
40
232
175
246
156
102
131
28
199
60
131
145
15
69
160
4
188
120
218
16
77
181
10
10
156
75
-
0
64
234
120
229
192
96
153
168
142
130
208
25
86
165
123
224
145
174
150
113
153
38
72
26
41
63
136
169
65
21
26
212
228
25
103
58
246
53
71
125
192
244
165
238
137
14
251
180
253
66
116
178
189
59
204
144
2
227
107
245
162
110
94
34
51
82
239
157
240
160
35
82
108
212
250
109
13
36
84
82
45
127
94
183
13
99
95
49
137
219
219
138
110
108
70
235
24
85
34
224
124
89
187
186
86
234
173
35
47
213
210
95
163
84
213
247
170
170
7
153
4
48
197
48
89
168
25
107
73
15
18
223
50
124
143
183
98
123
-
205
76
172
252
120
60
147
218
3
176
124
215
111
248
118
237
207
47
101
184
45
135
161
50
79
160
128
242
218
243
94
41
21
191
143
189
70
174
234
249
31
223
167
101
97
196
32
23
158
4
209
114
240
97
197
70
145
53
223
228
26
71
234
168
246
211
108
203
110
197
222
205
182
248
126
149
232
149
147
57
42
17
251
122
157
214
32
145
99
95
22
81
216
183
40
155
32
198
181
7
101
202
163
251
176
29
66
158
122
158
136
62
213
197
184
55
105
166
111
249
226
172
158
107
218
56
157
58
61
29
66
122
30
47
0
230
37
235
181
-
0
64
5
91
37
73
91
154
81
31
62
82
20
185
122
82
16
32
144
106
45
19
159
116
65
60
129
190
91
231
98
74
31
238
94
251
41
243
134
124
122
128
173
135
137
112
178
5
148
34
252
93
190
12
99
19
132
235
158
73
215
191
219
214
79
251
168
27
165
98
55
252
167
28
211
29
172
54
174
243
24
246
212
134
88
4
95
236
255
194
216
157
76
96
163
139
132
180
127
220
131
12
214
219
187
225
239
194
200
28
87
174
17
140
73
151
146
75
42
189
120
194
68
92
123
63
98
50
240
104
123
114
230
212
250
152
197
170
79
-
137
10
154
9
154
184
103
139
193
16
249
2
176
214
40
139
25
54
76
240
251
75
189
45
141
85
77
57
103
24
245
208
69
231
138
114
168
164
158
114
38
27
195
205
38
112
69
246
92
146
137
183
105
146
74
49
221
7
130
104
234
205
107
209
11
91
35
70
135
207
130
158
53
47
243
205
246
240
255
22
159
182
56
113
157
28
109
101
53
53
186
149
230
130
190
90
177
104
78
191
180
5
77
33
145
253
204
130
97
197
154
112
34
189
196
248
89
14
119
133
185
99
127
50
224
176
34
107
131
252
212
115
148
158
117
123
251
136
170
-
161
162
112
0
73
157
126
176
15
81
244
96
138
124
119
190
127
248
33
206
223
204
113
234
108
125
216
180
231
29
205
5
243
152
229
187
195
209
163
183
4
23
167
20
77
192
191
15
252
125
48
86
62
112
37
170
144
162
64
67
20
243
34
72
221
171
49
192
201
116
127
0
196
8
18
235
201
228
169
91
231
239
255
95
40
79
122
177
75
22
10
73
113
235
9
66
10
129
192
227
52
214
191
175
159
238
40
81
245
22
17
197
251
74
107
55
75
172
195
107
203
224
177
65
49
169
240
23
136
203
167
164
204
119
230
96
20
105
87
-
99
174
112
56
1
33
40
11
227
111
179
149
250
227
26
197
173
142
150
101
81
85
159
247
188
213
252
23
83
188
174
24
37
45
61
175
42
93
30
35
173
24
229
4
84
218
21
37
113
59
216
196
116
116
137
188
57
118
7
115
58
117
42
57
212
223
22
95
206
233
124
234
172
253
41
156
64
152
118
215
178
94
252
92
167
135
121
233
4
21
224
55
69
31
41
36
191
94
99
73
185
164
231
12
38
235
89
70
193
231
146
232
117
89
136
143
135
138
68
5
215
66
83
140
204
131
142
159
4
169
52
133
141
11
174
166
210
8
-
0
64
170
207
207
243
99
52
163
164
11
52
170
198
212
213
185
207
84
216
223
35
4
179
157
108
216
6
98
52
203
28
18
105
20
92
224
249
20
15
230
164
153
47
164
50
212
33
174
152
212
98
220
10
178
130
128
251
150
224
89
216
217
28
63
98
149
136
133
73
131
169
208
104
156
122
146
215
241
147
29
212
57
39
87
184
200
128
40
230
235
198
237
97
118
6
15
206
223
103
179
158
4
166
186
254
65
224
181
108
84
146
35
91
31
60
81
202
83
169
169
81
82
85
13
80
55
53
3
64
79
206
157
150
244
126
173
108
1
-
128
243
92
173
144
232
163
43
48
215
228
117
183
80
98
70
118
166
114
82
34
228
192
241
58
199
202
48
186
215
243
169
177
114
17
153
140
186
58
36
195
144
139
99
79
164
7
223
251
171
216
53
234
242
8
19
109
51
39
179
198
195
17
217
2
200
33
151
250
73
46
197
179
126
153
134
91
171
226
217
231
52
169
211
105
89
80
218
114
209
89
13
143
13
205
162
223
206
94
75
111
66
133
33
145
193
81
225
99
121
218
238
126
88
195
78
243
136
145
87
97
56
133
255
46
99
177
54
84
219
212
228
74
127
108
69
248
61
70
-
128
150
128
118
174
72
136
84
189
159
8
20
105
82
115
25
43
178
3
132
7
232
48
84
50
108
75
182
143
84
6
107
161
9
130
248
79
154
166
227
150
231
206
179
191
208
101
8
181
47
130
167
100
78
252
104
127
213
147
138
115
97
84
250
249
26
90
40
123
166
250
37
90
53
111
73
196
150
234
219
188
28
19
114
65
129
81
134
98
127
225
58
90
199
140
46
206
123
180
13
14
51
36
91
30
43
57
215
155
170
141
99
97
169
117
151
74
93
172
243
242
230
86
182
48
99
177
54
84
219
212
228
74
127
108
69
248
61
70
-
57
147
61
239
131
79
96
14
133
118
203
91
32
122
138
15
179
233
206
49
163
102
238
173
139
53
172
207
131
60
5
212
213
106
25
85
147
177
140
198
250
183
227
175
79
92
202
184
199
187
248
48
170
0
99
197
12
26
245
128
156
141
136
83
29
234
17
248
31
252
219
191
198
112
83
254
123
40
195
53
41
129
181
184
102
67
3
175
169
13
192
148
68
183
18
237
236
251
186
146
27
211
241
8
104
139
1
185
138
6
158
63
17
138
135
231
63
143
85
115
122
191
37
23
15
50
220
173
46
188
112
232
106
202
170
239
25
25
207
-
0
64
101
168
220
62
82
225
34
227
243
168
243
167
178
122
43
240
197
0
215
240
164
237
106
151
127
71
242
162
119
113
181
29
174
113
55
101
242
169
200
17
136
178
174
15
136
57
158
144
150
170
155
66
18
208
86
169
13
80
252
26
60
99
3
74
190
28
170
115
92
19
202
35
236
95
5
2
233
134
91
95
252
253
125
65
176
75
117
172
128
91
94
33
237
202
14
112
240
76
125
161
31
140
18
159
41
34
177
251
57
177
233
5
121
244
251
60
189
59
46
128
250
24
255
105
145
158
49
20
78
132
99
29
151
243
25
25
207
-
0
64
197
22
144
174
48
132
190
158
253
143
182
86
99
86
123
35
176
91
28
18
79
96
236
197
201
53
30
66
22
95
90
142
24
167
159
133
190
108
225
159
224
43
73
160
249
119
169
196
193
144
136
231
84
26
209
197
178
95
6
215
207
143
138
150
56
193
236
112
210
189
169
197
93
68
217
116
83
218
203
197
206
76
110
234
52
147
168
31
198
158
21
248
20
109
233
79
102
170
25
222
164
233
176
162
246
199
246
64
204
253
46
60
227
81
109
131
247
134
108
254
199
115
233
79
165
91
140
90
156
60
43
250
192
136
191
40
74
-
128
35
76
24
84
165
121
183
4
135
34
137
16
153
241
184
80
50
110
247
134
20
116
173
169
165
187
165
193
24
146
136
84
169
58
232
159
210
219
161
69
157
186
2
229
32
124
237
12
26
54
224
91
183
214
234
94
10
24
42
231
14
159
15
146
9
45
51
241
120
43
214
33
11
194
116
195
96
199
22
53
156
191
24
210
40
246
180
202
62
37
250
122
232
38
80
195
188
85
153
152
71
128
246
99
76
78
225
185
52
189
148
186
36
222
6
7
185
120
222
197
174
224
245
238
207
241
195
245
73
223
207
81
204
244
217
30
77
100
-
0
0
0
0
8
15
214
31
76
178
89
218
183
244
53
48
136
154
163
181
30
3
140
175
175
177
73
166
142
238
108
159
238
221
219
210
139
249
26
96
104
76
61
160
23
63
177
174
79
93
227
100
89
77
184
8
214
195
68
185
139
65
167
61
44
99
95
73
1
251
178
148
69
166
189
212
80
108
113
246
75
171
182
137
102
183
70
112
132
124
141
246
237
239
26
232
29
2
55
80
200
155
107
182
157
246
250
105
59
180
146
138
198
166
159
253
180
90
110
60
40
128
128
203
225
3
45
96
143
172
94
90
103
169
147
15
85
127
131
-
43
182
144
185
42
53
78
145
177
202
239
38
133
187
137
81
232
82
251
253
31
223
76
72
231
208
140
207
227
101
68
197
105
56
77
186
203
0
80
184
97
11
85
21
100
198
34
17
74
194
87
209
114
120
15
154
28
172
170
159
233
241
209
36
231
117
16
32
193
13
197
176
226
31
12
187
148
143
167
47
230
31
106
180
178
150
255
239
123
240
9
151
194
41
222
114
252
63
229
68
210
201
97
33
39
154
235
210
61
134
160
139
114
251
203
69
144
125
131
139
112
160
210
110
10
253
164
42
149
107
75
105
201
172
219
170
205
9
203
-
128
36
82
194
175
166
187
253
124
154
73
108
219
225
239
18
247
149
9
175
2
183
138
207
43
140
81
211
26
74
167
62
6
185
37
143
178
125
75
249
151
200
73
142
7
239
41
172
210
16
32
66
243
141
188
219
124
86
69
176
248
22
83
84
125
203
233
186
231
152
74
151
113
140
91
226
131
151
223
46
74
0
164
16
211
90
106
221
163
32
217
38
192
106
216
196
58
40
130
133
143
76
183
197
166
105
120
62
5
205
137
169
139
248
176
89
8
22
139
133
128
162
178
128
252
88
222
6
210
201
43
47
31
117
163
208
13
45
233
-
0
0
0
0
72
183
174
123
234
247
62
16
73
79
30
157
64
212
60
134
41
217
42
43
183
187
43
21
147
238
74
225
77
73
176
92
248
230
82
48
37
50
195
251
207
100
19
221
40
125
194
138
193
77
215
213
247
2
174
36
145
167
1
14
242
97
15
73
174
155
65
47
117
156
229
189
171
108
253
160
29
3
222
16
192
201
148
185
170
210
128
88
197
206
89
184
236
199
76
159
107
153
146
69
217
217
118
34
71
40
221
109
150
118
113
34
90
152
98
208
9
94
86
120
66
249
132
51
32
35
145
116
77
96
205
147
208
92
123
-
205
249
228
233
222
51
222
128
45
123
236
190
147
17
131
83
235
172
247
250
11
160
139
112
129
130
126
129
102
37
20
174
152
47
77
65
0
220
223
193
139
136
80
119
187
80
147
76
97
131
179
184
22
250
17
207
113
172
248
132
146
245
81
247
78
161
168
122
164
80
20
215
162
136
205
13
196
196
146
230
96
228
146
22
224
246
101
207
217
246
25
137
215
105
29
28
59
62
167
118
48
154
235
106
153
228
240
99
149
228
212
153
113
155
198
75
215
130
189
205
143
4
213
98
150
6
66
133
106
253
51
166
181
138
32
106
222
152
100
-
0
64
122
14
241
213
152
78
222
216
118
4
254
71
38
251
42
163
107
174
35
134
115
96
48
52
69
110
254
181
197
49
145
188
105
112
137
239
128
228
255
228
138
98
140
73
61
65
97
45
146
210
2
167
180
113
87
120
208
82
245
23
60
202
48
142
99
119
174
37
230
71
14
153
114
103
202
70
188
14
210
222
60
160
3
24
157
58
174
171
77
219
13
124
44
241
104
83
4
59
191
49
128
252
74
82
213
57
174
52
13
120
222
75
39
39
100
162
184
149
47
67
195
161
146
2
132
2
98
58
128
226
5
63
62
40
120
111
100
-
0
0
0
0
136
40
105
114
156
144
65
221
56
199
25
12
13
137
211
83
83
37
66
152
192
211
98
6
7
253
155
79
218
19
37
239
97
190
137
243
27
119
17
241
31
6
52
43
217
89
51
62
62
243
107
32
102
148
147
213
132
128
105
152
139
105
92
224
113
236
141
63
85
136
133
244
200
116
23
7
124
14
198
39
202
247
253
25
187
249
213
26
184
225
52
16
104
14
181
166
224
84
206
141
216
79
207
231
1
29
21
25
51
29
65
47
250
113
34
16
226
100
2
69
36
233
16
18
15
242
238
115
170
181
117
158
21
101
123
-
0
0
0
0
200
131
126
6
130
17
57
41
201
230
52
57
172
222
81
118
199
241
40
87
101
55
196
158
226
255
244
143
39
85
171
109
57
195
140
105
218
120
107
174
37
226
135
153
160
162
118
161
186
89
133
204
13
33
230
234
233
186
251
150
171
67
201
57
33
47
7
25
7
29
8
167
162
89
79
80
115
196
23
45
252
184
172
117
181
228
6
171
26
11
48
92
200
230
165
240
96
40
57
95
31
91
210
219
206
58
141
180
210
129
163
113
171
49
208
90
37
160
253
80
84
45
65
199
79
127
20
103
222
229
218
126
192
107
-
0
0
0
0
8
51
152
146
77
76
206
130
7
142
197
228
179
160
238
91
78
212
139
123
107
34
224
196
152
165
119
247
213
173
90
93
51
48
251
45
227
152
6
240
189
214
11
13
24
233
81
3
40
32
129
103
10
31
26
182
105
180
162
119
160
221
77
96
233
147
115
181
6
129
16
47
181
209
173
249
143
180
246
171
9
253
182
253
62
73
207
232
230
93
161
53
66
120
36
61
25
134
18
88
215
26
213
241
236
119
105
222
176
236
72
69
108
32
73
13
131
243
30
19
97
18
61
131
218
240
201
170
240
53
219
60
21
41
74
-
128
36
91
129
138
132
240
18
168
168
69
228
62
228
155
8
16
142
2
133
202
219
60
122
74
169
37
70
108
251
2
110
46
8
185
241
146
115
117
170
64
162
1
225
35
180
245
211
60
190
36
141
131
190
199
233
0
100
76
73
122
132
151
125
164
200
24
109
35
171
246
113
30
48
7
106
153
138
120
193
58
200
66
60
151
225
23
161
60
167
116
50
144
133
178
154
6
230
47
8
149
147
255
174
239
217
76
39
183
168
38
16
212
163
172
22
201
71
179
190
245
99
200
55
234
21
139
82
64
33
172
193
183
168
239
183
216
164
248
-
161
135
104
139
236
134
158
214
176
176
246
213
118
18
222
216
230
147
145
7
4
242
216
250
3
85
175
250
171
81
170
54
35
139
197
224
75
253
150
65
14
116
247
166
251
89
216
191
162
139
250
38
149
76
166
108
91
145
199
195
192
65
106
205
24
109
22
87
146
222
242
136
210
20
113
84
119
203
121
72
221
35
76
160
60
81
254
187
21
187
20
67
185
179
195
213
85
34
35
102
117
54
249
189
92
99
209
110
59
176
120
22
58
39
28
144
72
84
165
218
98
60
47
147
114
43
50
223
128
59
183
196
116
162
7
81
56
160
100
-
0
64
122
94
20
248
94
187
88
34
221
251
231
38
116
124
15
2
250
188
233
52
74
228
163
6
29
128
76
28
153
91
191
253
75
91
92
50
34
192
147
238
89
65
122
135
202
252
14
105
246
145
96
231
67
120
165
41
25
96
35
121
185
194
66
150
128
147
231
191
89
206
67
46
36
201
165
159
17
209
186
112
35
229
248
28
40
104
218
77
87
93
215
172
118
50
230
11
0
81
186
8
219
83
143
166
19
240
241
225
109
110
185
170
1
23
108
245
240
2
190
60
122
248
16
49
242
234
214
224
63
242
146
141
161
217
30
77
100
-
0
0
0
0
8
132
23
15
204
44
97
93
153
143
74
68
221
121
245
233
199
3
191
15
122
99
251
122
189
71
176
201
221
147
5
147
60
100
150
61
160
143
110
163
115
167
167
42
150
156
10
121
176
91
37
91
173
126
2
132
142
72
91
29
27
239
33
78
166
216
204
145
31
5
40
34
121
61
50
250
172
193
100
8
180
169
168
243
146
57
113
61
89
144
184
141
161
219
161
88
80
93
226
39
227
174
142
25
9
118
26
45
85
170
74
242
137
246
146
15
188
179
211
166
26
78
244
243
180
179
14
67
242
96
253
231
244
145
181
-
0
0
0
0
72
252
248
105
136
98
13
37
102
255
169
91
101
44
129
128
25
188
105
72
233
118
101
252
104
168
54
78
138
82
227
15
177
59
242
212
226
238
189
16
225
4
191
225
14
164
189
110
41
77
214
124
232
211
196
117
226
113
53
95
22
113
9
252
61
125
86
60
9
93
15
75
113
105
58
99
217
101
15
135
220
148
66
244
194
92
59
81
213
186
55
6
124
157
68
9
119
249
70
13
99
114
220
227
38
254
87
235
4
203
62
243
36
26
104
115
171
206
135
251
108
0
248
122
193
59
10
41
90
107
151
25
222
8
-
27
81
28
35
172
19
99
241
213
222
200
11
194
225
239
39
197
23
12
132
55
194
72
83
60
247
221
184
204
190
108
93
178
106
81
84
28
24
63
231
167
149
79
173
192
216
76
204
134
106
136
249
88
214
192
53
201
140
18
225
20
113
174
192
71
99
169
0
98
92
109
220
58
225
39
196
211
227
57
237
38
243
16
95
100
185
15
4
97
1
79
165
87
111
48
215
204
34
143
201
124
59
70
209
211
8
66
233
224
147
22
54
238
167
109
39
237
228
164
123
7
120
8
30
198
159
23
125
52
143
225
173
16
175
22
221
185
98
123
-
205
76
126
248
136
76
165
4
31
42
122
70
80
241
9
111
108
87
216
89
183
242
26
231
225
180
10
177
79
89
105
177
137
33
252
145
240
212
117
244
34
89
119
217
47
159
115
27
58
150
240
76
137
218
216
203
205
218
137
108
36
17
22
42
156
26
189
13
131
136
64
185
182
24
25
201
255
244
217
96
62
238
236
85
40
232
175
34
119
39
193
20
231
189
48
52
43
80
44
180
232
236
243
223
106
109
36
58
159
111
10
187
172
140
111
114
34
81
197
78
37
107
122
196
185
47
158
134
170
237
73
213
208
174
79
120
65
60
70
-
128
150
128
118
174
72
136
84
189
159
8
20
105
82
115
25
43
178
3
132
7
232
48
84
50
108
75
182
143
84
6
107
161
9
130
248
79
154
166
227
150
231
206
179
191
208
101
8
181
47
130
167
100
78
252
104
127
213
147
138
115
97
84
250
249
26
90
40
123
166
250
37
90
53
111
73
196
150
234
219
188
28
19
114
65
129
81
134
98
127
225
58
90
199
140
46
206
123
180
13
14
51
36
91
30
43
57
215
155
170
141
99
97
169
117
151
74
93
172
243
242
230
86
182
48
99
177
54
84
219
212
228
74
127
108
69
248
61
70
-
0
64
7
53
51
36
245
17
53
224
49
190
175
140
56
222
8
250
74
86
120
250
196
206
155
40
122
33
9
187
77
219
192
154
209
95
187
99
142
209
245
169
145
130
159
177
55
74
83
201
232
191
45
74
233
212
129
143
228
56
83
206
147
179
5
51
90
12
64
242
130
83
234
106
13
94
200
42
3
201
31
239
209
80
111
200
121
156
129
239
86
96
215
13
29
248
34
220
228
231
17
29
105
43
59
62
23
95
215
250
69
254
83
233
19
84
65
103
25
24
235
30
121
244
56
195
164
255
36
64
115
89
26
105
80
23
117
8
-
128
36
91
214
207
188
2
8
190
124
183
175
35
181
154
79
198
220
235
45
232
195
48
52
191
64
83
106
2
57
168
53
70
134
145
87
171
11
173
124
195
90
72
72
234
40
232
155
239
62
172
172
93
77
19
118
188
32
130
90
70
99
66
66
67
58
17
145
41
167
250
186
127
155
135
143
221
118
44
3
180
146
182
106
235
163
161
32
205
121
23
126
224
93
211
171
110
129
46
123
254
68
112
208
6
181
194
145
61
192
109
206
143
167
31
71
231
161
36
37
222
177
41
196
31
158
128
101
209
249
222
170
149
254
210
102
150
231
131
-
43
109
5
7
190
159
160
117
36
158
208
148
54
189
134
145
36
168
160
40
154
31
90
118
240
105
104
43
92
90
109
178
150
39
172
68
175
226
45
69
127
43
157
125
108
0
142
129
228
179
216
1
225
65
65
16
115
215
175
39
5
216
224
234
146
134
108
3
205
175
176
13
208
203
26
242
252
218
147
142
1
196
253
181
164
101
91
85
59
216
172
25
65
138
103
193
168
66
118
16
113
203
37
240
235
182
164
127
38
119
198
122
85
199
150
57
64
9
96
135
232
143
151
106
126
185
222
12
123
190
25
76
52
157
192
110
161
160
75
-
43
234
71
135
70
151
239
206
77
120
45
162
97
53
13
13
17
47
121
221
181
148
144
186
152
249
52
101
51
105
243
154
38
210
23
230
22
230
76
166
3
13
80
63
5
76
89
221
146
12
160
250
131
224
113
74
178
251
147
186
1
226
51
218
235
163
57
151
156
157
210
95
34
108
155
199
71
171
220
177
228
143
48
68
104
93
4
90
120
155
157
231
197
159
216
83
156
57
66
66
199
173
204
34
133
205
117
42
184
185
242
112
161
166
196
254
202
68
46
254
203
205
255
205
201
143
40
135
105
216
130
0
74
169
222
145
212
8
-
15
216
41
121
117
16
243
176
232
61
138
176
184
84
164
41
39
147
124
26
39
62
187
83
120
237
117
113
237
38
28
178
181
113
19
126
126
131
134
49
246
20
225
130
60
22
3
95
129
50
189
212
102
214
196
83
242
146
140
233
17
126
136
75
90
146
113
13
226
88
146
57
46
188
230
193
201
82
242
24
0
54
175
68
254
149
14
134
20
186
225
243
156
183
199
214
133
100
167
102
166
243
81
112
227
45
92
86
11
168
179
44
79
123
5
6
179
34
52
59
173
52
199
111
252
85
71
183
123
100
218
76
7
79
202
143
192
170
178
-
189
168
251
195
64
64
184
46
128
35
38
104
88
105
13
161
235
121
138
137
25
41
138
42
55
44
0
62
148
1
218
139
164
229
225
145
60
191
181
195
62
22
221
45
2
229
179
126
43
151
248
241
208
157
248
65
15
196
48
227
255
183
230
149
231
239
92
138
94
162
242
139
94
38
58
156
240
215
160
165
217
214
90
152
169
213
53
6
49
108
129
109
38
9
220
135
66
174
238
28
175
113
33
163
43
124
250
95
154
10
163
163
246
100
3
232
146
91
107
103
33
111
217
225
127
246
224
233
25
15
19
6
70
171
63
34
126
214
131
-
128
99
125
36
162
239
91
170
108
72
128
176
170
165
51
123
146
226
225
67
240
166
233
180
177
198
124
74
63
31
68
41
58
185
239
19
140
147
19
189
255
225
44
223
30
179
110
227
173
163
153
164
133
113
7
157
13
197
62
215
225
163
137
76
68
82
99
17
113
165
111
236
12
113
141
25
181
164
133
14
80
171
118
77
231
95
179
141
156
94
58
97
74
79
253
240
53
182
196
191
204
136
244
221
54
79
126
145
13
192
28
111
218
211
40
31
191
215
220
171
194
252
179
190
192
90
10
241
67
179
154
207
184
48
166
33
134
238
181
-
151
121
129
47
163
139
158
74
65
151
0
65
71
27
140
97
210
251
240
150
71
12
16
10
218
8
86
95
204
178
34
148
6
174
142
107
0
199
152
98
74
228
147
183
229
55
69
219
249
64
188
250
221
132
241
26
19
173
95
102
92
158
186
101
46
78
81
119
236
234
132
24
18
51
34
27
254
224
157
138
139
246
86
57
1
117
215
39
54
46
8
93
124
122
218
2
137
159
152
60
225
175
52
203
248
171
197
122
243
67
99
144
50
182
228
46
44
221
152
218
52
70
255
255
231
49
108
221
112
97
204
192
54
212
66
181
210
8
-
99
211
60
103
102
85
133
232
123
23
151
30
210
162
72
234
226
21
109
171
22
43
122
221
11
7
77
10
47
84
49
135
231
137
141
48
66
218
59
0
90
194
90
244
3
89
53
145
187
86
62
80
115
238
128
40
126
14
27
54
40
240
222
143
57
160
28
224
130
102
224
219
115
196
30
86
101
202
177
180
70
52
13
157
26
153
195
121
101
9
2
126
240
113
197
240
16
135
70
100
181
243
168
197
176
215
113
0
160
120
206
51
253
78
46
149
73
51
218
58
161
158
9
191
124
161
89
241
90
65
85
33
223
3
128
23
170
54
194
-
128
40
132
98
77
232
226
145
38
230
144
255
230
75
195
49
150
179
219
227
188
68
201
0
167
14
3
104
1
239
211
172
104
64
34
231
4
116
95
242
113
177
246
91
140
72
170
254
68
204
178
73
97
213
167
158
234
121
143
70
87
205
141
155
100
123
97
7
46
90
151
184
103
107
88
132
43
240
229
144
191
37
26
208
1
71
152
123
207
103
232
8
249
166
117
138
11
164
62
189
41
132
205
61
198
180
201
32
83
120
186
237
123
158
156
54
120
104
82
53
238
90
72
28
98
217
62
114
182
111
2
41
150
223
66
181
210
8
-
161
219
74
105
161
195
149
28
149
237
194
72
157
51
154
0
12
53
103
82
11
226
224
85
186
75
18
229
156
190
55
214
134
95
155
148
16
131
210
39
138
244
154
216
47
254
8
142
87
138
137
9
139
10
251
15
19
117
34
2
222
197
131
203
16
23
169
169
16
188
184
143
140
10
87
112
114
149
99
102
94
225
217
1
98
139
167
169
227
171
176
135
156
177
221
83
71
245
112
33
240
159
241
100
154
189
178
50
114
95
237
2
117
118
154
98
160
40
107
39
42
211
87
240
24
252
119
173
28
192
132
23
96
249
47
49
184
8
-
128
237
73
156
40
8
195
93
75
48
148
48
65
100
164
75
246
95
173
180
132
75
36
228
155
216
61
223
157
251
112
134
161
70
25
113
236
8
13
130
138
245
19
43
230
93
86
195
29
137
8
43
184
192
159
143
31
79
21
150
179
91
39
220
63
206
246
116
118
221
150
27
35
124
233
176
105
168
100
236
207
27
70
200
213
114
190
105
183
10
188
175
228
247
167
91
164
48
171
90
201
18
213
20
81
162
57
71
20
220
131
125
201
70
240
47
208
214
112
197
71
72
236
91
57
33
68
223
243
71
169
67
15
154
115
190
49
10
248
-
0
0
0
0
200
131
126
134
82
242
102
69
155
38
214
3
3
185
250
66
40
152
165
151
12
188
93
116
56
78
42
142
62
60
157
16
114
60
179
220
6
167
101
151
51
148
12
209
25
153
28
213
37
77
91
132
59
138
102
200
210
83
46
70
253
45
120
20
251
167
135
220
82
143
4
171
158
187
62
9
172
247
150
121
228
12
189
106
64
174
104
220
25
98
2
9
214
11
5
74
111
98
163
95
129
156
139
211
238
234
8
206
65
6
64
37
156
97
189
71
223
1
23
96
133
194
38
151
178
80
3
29
115
231
130
60
96
219
-
21
53
172
58
233
224
68
251
98
238
97
228
133
174
166
148
195
162
0
198
242
43
206
0
28
58
252
195
221
148
154
46
4
133
90
218
168
159
86
228
122
163
225
166
218
96
13
95
31
66
86
77
83
94
129
55
22
90
54
186
147
1
250
175
164
89
129
178
247
5
131
224
164
134
93
242
145
82
36
71
147
135
20
7
182
13
153
105
200
234
224
45
237
190
254
140
85
36
104
76
74
132
195
143
169
39
87
114
29
230
126
8
166
5
94
88
110
9
40
2
34
127
122
39
108
230
45
249
132
171
192
192
137
226
96
138
146
161
131
-
27
232
98
2
64
204
120
162
215
203
172
72
97
250
101
175
95
76
218
129
127
160
146
21
96
143
148
213
182
9
45
81
169
145
89
254
99
228
251
188
188
113
211
220
250
198
222
216
48
90
36
11
51
115
41
130
36
90
65
177
140
187
247
65
159
19
147
172
69
125
172
32
70
228
150
8
100
82
104
119
46
80
245
36
163
115
186
188
237
20
32
34
144
35
98
111
197
152
16
131
207
93
53
184
50
23
1
99
188
116
249
87
120
4
61
121
19
235
234
131
56
170
69
41
139
64
99
25
153
127
146
79
220
50
171
207
224
62
100
-
161
162
177
139
244
23
2
112
244
76
68
162
201
93
20
2
238
109
175
34
196
73
110
89
152
12
234
169
201
232
247
243
209
11
225
152
132
44
111
40
42
34
96
198
223
247
174
85
4
3
89
31
212
180
52
219
143
9
241
192
230
151
219
90
189
1
85
21
10
206
27
82
17
222
46
225
103
147
105
213
156
28
252
236
230
37
202
105
28
45
128
125
5
245
152
83
216
254
236
193
48
226
112
245
63
18
108
26
42
215
223
157
96
17
62
212
74
85
231
102
130
244
47
74
91
182
162
180
52
247
172
145
92
105
93
170
90
39
157
-
161
20
255
90
13
73
106
40
87
52
154
53
52
144
202
18
167
98
251
7
90
57
204
112
58
64
252
97
14
53
64
77
71
49
179
62
157
115
35
51
100
124
54
186
138
207
183
153
137
181
38
61
206
126
124
106
150
128
240
48
60
44
244
114
24
55
37
193
3
14
106
3
166
200
136
176
162
234
7
200
106
138
77
195
166
88
60
43
206
109
81
83
191
87
148
80
241
223
156
190
235
193
214
189
203
64
89
125
13
189
223
98
219
135
187
33
45
157
59
31
132
30
185
57
150
38
60
138
69
85
43
241
156
197
182
74
203
9
19
1
-
27
187
16
155
162
138
28
177
87
239
134
45
44
236
73
219
143
232
109
228
14
31
171
4
122
179
148
166
3
223
72
124
159
61
45
49
151
109
188
66
15
14
91
199
49
111
112
159
3
103
190
109
73
165
205
172
26
20
224
209
25
197
74
179
204
246
104
72
197
252
69
133
109
133
209
168
18
142
39
224
240
4
134
84
101
131
108
163
120
77
234
72
218
63
190
20
211
226
134
177
23
51
184
164
185
69
169
182
174
228
228
92
186
3
64
48
223
137
220
131
18
59
94
173
120
97
177
54
84
219
212
228
74
127
108
69
248
61
70
-
